[ML]:TCT7040,70,2
2540,2600,2800,3000,3200,3400,3600,3800,4000,4200,4400,4600,4800,5000,5200,5400,5600,5800,6000,6200,6400,6600,6800,7000
8000,8000,8000,8000,8000,8000,8000,8000,8000,7800,7370,6970,6610,6280,5970,5690,5425,5180,4950,4735,4530,4345,4165,4000
[ML]:TCT7040,70,4
2540,2600,2800,3000,3200,3400,3600,3800,4000,4200,4400,4600,4800,5000,5200,5400,5600,5800,6000,6200,6400,6600,6800,7000
14000,13650,12550,11600,10770,10035,9380,8800,8275,7800,7370,6970,6610,6280,5970,5690,5425,5180,4950,4735,4530,4345,4165,4000 
[ML]:TCT7040,70,6
1780,1800,2000,2200,2400,2600,2800,3000,3200,3400,3600,3800,4000,4200,4400,4600,4800,5000,5200,5400,5600,5800,6000,6200,6400,6600,6800,7000 
20000,19805,17590,15775,14265,12985,11890,10940,10110,9375,8720,8140,7615,7140,6710,6310,5950,5620,5310,5030,4765,4520,4290,4075,3875,3685,3505,3340 

[ML]:QTZ5611,55,2
1058,1400,1600,1800,2000,2200,2400,2600,2800,3000,3200,3400,3600,3800,4000,4200,4400,4600,4800,5000,5200,5400,5500
3000,3000,3000,3000,3000,2865,2620,2415,2240,2090,1955,1840,1735,1640,1555,1480,1410,1345,1290,1235,1185,1140,1100
[ML]:QTZ5611,55,4
1058,1400,1600,1800,2000,2200,2400,2600,2800,3000,3200,3400,3600,3800,4000,4200,4400,4600,4800,5000,5200,5400,5500
6000,4525,3955,3510,3155,2865,2620,2415,2240,2090,1955,1840,1735,1640,1555,1480,1410,1345,1290,1235,1185,1140,1100

[ML]:QTZ5512,55,2
1384,1400,1600,1800,2000,2200,2500,2600,2800,3000,3200,3400,3600,3800,4000,4200,4400,4600,4800,5000,5200,5400,5500
3000,3000,3000,3000,3000,3000,3000,3000,2755,2545,2360,2195,2050,1860,1750,1700,1600,1515,1435,1360,1295,1230,1200
[ML]:QTZ5512,55,4
1384,1400,1600,1800,2000,2200,2500,2600,2800,3000,3200,3400,3600,3800,4000,4200,4400,4600,4800,5000,5200,5400,5500
6000,5925,5135,4520,4025,3620,3285,3000,2755,2545,2360,2195,2050,1860,1750,1700,1600,1515,1435,1360,1295,1230,1200

[ML]:TCT5512,55,2
1508,1600,1800,2000,2200,2500,2600,2800,3000,3200,3400,3600,3800,4000,4200,4400,4600,4800,5000,5200,5400,5500
3000,3000,3000,3000,3000,3000,3000,2950,2710,2500,2320,2155,2010,1880,1760,1650,1555,1465,1380,1305,1235,1200
[ML]:TCT5512,55,4
1508,1600,1800,2000,2200,2500,2600,2800,3000,3200,3400,3600,3800,4000,4200,4400,4600,4800,5000,5200,5400,5500
6000,5620,4925,4375,3920,3540,3220,2950,2710,2500,2320,2155,2010,1880,1760,1650,1555,1465,1380,1305,1235,1200

