[V]:001
[ML]:TCT7040,70,2
2540,2600,2800,3000,3200,3400,3600,3800,4000,4200,4400,4600,4800,5000,5200,5400,5600,5800,6000,6200,6400,6600,6800,7000
8000,8000,8000,8000,8000,8000,8000,8000,8000,7800,7370,6970,6610,6280,5970,5690,5425,5180,4950,4735,4530,4345,4165,4000
[ML]:TCT7040,70,4
2540,2600,2800,3000,3200,3400,3600,3800,4000,4200,4400,4600,4800,5000,5200,5400,5600,5800,6000,6200,6400,6600,6800,7000
14000,13650,12550,11600,10770,10035,9380,8800,8275,7800,7370,6970,6610,6280,5970,5690,5425,5180,4950,4735,4530,4345,4165,4000 
[ML]:TCT7040,70,6
1780,1800,2000,2200,2400,2600,2800,3000,3200,3400,3600,3800,4000,4200,4400,4600,4800,5000,5200,5400,5600,5800,6000,6200,6400,6600,6800,7000 
20000,19805,17590,15775,14265,12985,11890,10940,10110,9375,8720,8140,7615,7140,6710,6310,5950,5620,5310,5030,4765,4520,4290,4075,3875,3685,3505,3340 

[ML]:QTZ5611,55,2
1058,1400,1600,1800,2000,2200,2400,2600,2800,3000,3200,3400,3600,3800,4000,4200,4400,4600,4800,5000,5200,5400,5500
3000,3000,3000,3000,3000,2865,2620,2415,2240,2090,1955,1840,1735,1640,1555,1480,1410,1345,1290,1235,1185,1140,1100
[ML]:QTZ5611,55,4
1058,1400,1600,1800,2000,2200,2400,2600,2800,3000,3200,3400,3600,3800,4000,4200,4400,4600,4800,5000,5200,5400,5500
6000,4525,3955,3510,3155,2865,2620,2415,2240,2090,1955,1840,1735,1640,1555,1480,1410,1345,1290,1235,1185,1140,1100

[ML]:QTZ5512,55,2
1384,1400,1600,1800,2000,2200,2500,2600,2800,3000,3200,3400,3600,3800,4000,4200,4400,4600,4800,5000,5200,5400,5500
3000,3000,3000,3000,3000,3000,3000,3000,2755,2545,2360,2195,2050,1860,1750,1700,1600,1515,1435,1360,1295,1230,1200
[ML]:QTZ5512,55,4
1384,1400,1600,1800,2000,2200,2500,2600,2800,3000,3200,3400,3600,3800,4000,4200,4400,4600,4800,5000,5200,5400,5500
6000,5925,5135,4520,4025,3620,3285,3000,2755,2545,2360,2195,2050,1860,1750,1700,1600,1515,1435,1360,1295,1230,1200

[ML]:TCT5512,55,2
1508,1600,1800,2000,2200,2500,2600,2800,3000,3200,3400,3600,3800,4000,4200,4400,4600,4800,5000,5200,5400,5500
3000,3000,3000,3000,3000,3000,3000,2950,2710,2500,2320,2155,2010,1880,1760,1650,1555,1465,1380,1305,1235,1200
[ML]:TCT5512,55,4
1508,1600,1800,2000,2200,2500,2600,2800,3000,3200,3400,3600,3800,4000,4200,4400,4600,4800,5000,5200,5400,5500
6000,5620,4925,4375,3920,3540,3220,2950,2710,2500,2320,2155,2010,1880,1760,1650,1555,1465,1380,1305,1235,1200

[ML]:4808,48,2
0,2400,2600,2800,3000,3200,3400,3600,3800,4000,4200,4400,4600,4800
2000,2000,1830,1670,1520,1400,1290,1190,1100,1020,950,890,840,800
[ML]:4808,48,4
0,2400,2500,2600,2800,3000,3200,3400,3600,3800,4000,4200,4400,4600,4800
2000,2000,1900,1810,1650,1520,1400,1290,1200,1110,1040,970,900,850,800

[ML]:5010,50,2
0,2900,3000,3200,3400,3600,3800,4000,4200,4400,4600,4800,5000
2000,2000,1900,1770,1640,1530,1430,1340,1260,1190,1120,1020,1000
[ML]:5010,50,4
0,2900,3000,3200,3400,3600,3800,4000,4200,4400,4600,4800,5000
2000,2000,1920,1770,1650,1530,1430,1340,1260,1180,1120,1050,1000

[ML]:5013,50,2
0,1000,1340,2500,2600,3000,3400,3600,3800,4200,4300,4600,5000
3000,3000,3000,3000,2920,2470,2120,1980,1850,1630,1580,1450,1300
[ML]:5013,50,4
0,2500,2600,2800,3000,3200,3400,3600,3800,4000,4200,4400,4600,4800,5000
3000,3000,2860,2630,2430,2250,2100,1960,1830,1720,1620,1530,1440,1370,1300

[ML]:5510,55,2
0,2500,2600,3000,3400,3800,4200,4600,5000,5500
3000,3000,2920,2470,2120,1850,1630,1450,1300,1000
[ML]:5510,55,4
0,2500,2600,2800,3000,3200,3400,3600,3800,4000,4200,4400,4600,4800,5000,5200,5400,5500
3000,3000,2850,2600,2380,2190,2020,1870,1740,1620,1510,1410,1320,1240,1160,1090,1030,1000

[ML]:5513,55,2
0,1000,1230,1300,1400,1500,2000,2500,3000,3500,4000,4500,5000,5500
4000,4000,4000,4000,4000,4000,4000,3640,2910,2300,2000,1700,1460,1300
[ML]:5513,55,4
0,2000,2100,2200,2400,2600,2800,3000,3200,3400,3600,3800,4000,4200,4400,4600,4800,5000,5200,5400,5500
4000,4000,3790,3610,3290,3020,2780,2580,2400,2250,2110,1990,1870,1770,1680,1600,1520,1450,1380,1320,1300

[ML]:5610,56,2
0,1370,1700,2000,2300,2490,2600,2900,3200,3500,3800,4100,4400,4700,5000,5300,5600
3000,3000,3000,3000,3000,3000,2850,2490,2200,1960,1750,1580,1430,1300,1190,1090,1000
[ML]:5610,56,4
0,2490,2500,2600,2800,3000,3200,3400,3600,3800,4000,4200,4400,4600,4800,5000,5200,5400,5600
3000,3000,2980,2840,2600,2380,2200,2030,1880,1750,1640,1530,1430,1340,1260,1190,1120,1050,1000

[ML]:5613,56,2
0,1620,1700,2000,2300,2600,2900,3200,3500,3800,4100,4400,4700,5000,5300,5600
3000,3000,3000,3000,3000,3000,3000,2730,2440,2200,1990,1820,1660,1530,1410,1300
[ML]:5613,56,4
0,2900,3000,3200,3400,3600,3800,4000,4200,4400,4600,4800,5000,5200,5400,5600
3000,3000,2880,2660,2480,2310,2160,2030,1900,1790,1690,1600,1510,1440,1360,1300

[ML]:6010,60,2
0,1000,1200,2160,2600,3000,3400,3800,4200,4600,5000,5400,5800,6000
4000,4000,4000,4000,3190,2660,2270,1960,1700,1500,1320,1180,1050,1000
[ML]:6010,60,4
0,2160,2200,2400,2600,2800,3000,3200,3400,3600,3800,4000,4200,4400,4600,4800,5000,5200,5400,5600,5800,6000
4000,4000,3910,3530,3200,2920,2680,2470,2290,2120,1970,1840,1720,1610,1510,1420,1330,1250,1180,1120,1050,1000

[ML]:6013,60,2
0,1750,2000,2200,2500,2800,3000,3200,3500,3800,4000,4200,4500,4800,5000,5200,5500,5800,6000
3000,3000,3000,3000,3000,3000,3000,2980,2670,2410,2250,2120,1930,1770,1680,1590,1470,1360,1300
[ML]:6013,60,4
0,3000,3100,3200,3400,3600,3800,4000,4200,4400,4600,4800,5000,5200,5400,5600,5800,6000
3000,3000,2890,2780,2600,2430,2280,2150,2020,1910,1810,1720,1640,1560,1480,1420,1350,1300

[ML]:6015,60,2
0,1330,1700,2000,2200,2500,2800,3000,3200,3500,3800,4000,4200,4500,4800,5000,5200,5500,5800,6000
5000,5000,5000,5000,5000,4820,4200,3860,3560,3180,2860,2670,2500,2280,2080,1970,1860,1710,1580,1500
[ML]:6015,60,4
0,2200,2300,2400,2600,2800,3000,3200,3400,3600,3800,4000,4200,4400,4600,4800,5000,5200,5400,5600,5800,6000
5000,5000,4750,4530,4140,3810,3520,3270,3040,2850,2670,2510,2360,2230,2110,1900,1810,1720,1640,1570,1500